tracecat/agent/preset/service.py
  05c0b59f5e164c30 18-20,161,319,407,530,150
  afa7c9e73fe4b7c6 168,157,246,272,1421
  40ea4f14a0ae4f84 610,1417
tests/unit/test_agent_preset_service.py
  40ea4f14a0ae4f84 724,896,995,1162,1593-1612,732,734,740,754,756,772,789,795,801,805,811,1241,1243,1249,1263,1268,1274,1277,904,906,912,917,925,931,945,947,949,1003,1005,1011,1019,1021,1026,1034,1040,1052,1054,1285,1287,1293,1307,1312,1317,1322,1330,1336,1338,1340,1062,1064,1070,1078,1080,1085,1089,1095,1102,1118,1130,1133,1170,1172,1178,1192,1197,1202,1208,1212,1218,1229,1231,1234
  afa7c9e73fe4b7c6 726-730,735,738,742,746-749,752-753,755,759,761,763-764,767-770,777-778,781-784,788,800,804,1236-1240,1244,1247,1251,1255-1258,1261-1262,1264,1267,1272,898-902,907,910,916,930,933,937-940,943-944,946,997-1001,1006,1009,1013,1017-1018,1020,1025,1039,1044-1045,1048,1050-1051,1279-1283,1288,1291,1295,1299-1302,1305-1306,1308,1311,1316,1321,1335,1056-1060,1065,1068,1072,1076-1077,1079,1107,1112,1117,1122-1123,1126,1128-1129,1164-1168,1173,1176,1180,1184-1187,1190-1191,1193,1196,1201,1206,1223,1228
  e78dd32d3b4abd56 736,739,741,745,750-751,757-758,760,762,771,773-775,779-780,1245,1250,1254,1259,1266,1269-1270,908,936,941,1007,1012,1016,1041-1043,1046,1289,1294,1298,1303,1310,1313-1314,1066,1071,1075,1119-1121,1124,1174,1179,1183,1188,1195,1198-1199
---
{
  "schema_version": "authorship/3.0.0",
  "git_ai_version": "1.3.2",
  "base_commit_sha": "c288e671bab219126f042816e63626d0ddbc09cc",
  "prompts": {}
}