tests/unit/test_agent_preset_service.py
  40ea4f14a0ae4f84 1552-1571,691,693,699,713,715,731,748,754,760,764,770,1200,1202,1208,1222,1227,1233,1236,863,865,871,876,884,890,904,906,908,962,964,970,978,980,985,993,999,1011,1013,1244,1246,1252,1266,1271,1276,1281,1289,1295,1297,1299,1021,1023,1029,1037,1039,1044,1048,1054,1061,1077,1089,1092,1129,1131,1137,1151,1156,1161,1167,1171,1177,1188,1190,1193
  afa7c9e73fe4b7c6 685-689,694,697,701,705-708,711-712,714,718,720,722-723,726-729,736-737,740-743,747,759,763,1195-1199,1203,1206,1210,1214-1217,1220-1221,1223,1226,1231,857-861,866,869,875,889,892,896-899,902-903,905,956-960,965,968,972,976-977,979,984,998,1003-1004,1007,1009-1010,1238-1242,1247,1250,1254,1258-1261,1264-1265,1267,1270,1275,1280,1294,1015-1019,1024,1027,1031,1035-1036,1038,1066,1071,1076,1081-1082,1085,1087-1088,1123-1127,1132,1135,1139,1143-1146,1149-1150,1152,1155,1160,1165,1182,1187
  e78dd32d3b4abd56 695,698,700,704,709-710,716-717,719,721,730,732-734,738-739,1204,1209,1213,1218,1225,1228-1229,867,895,900,966,971,975,1000-1002,1005,1248,1253,1257,1262,1269,1272-1273,1025,1030,1034,1078-1080,1083,1133,1138,1142,1147,1154,1157-1158
tracecat/agent/preset/service.py
  05c0b59f5e164c30 18-20,160,318,405,528,149
  40ea4f14a0ae4f84 608,1414
  afa7c9e73fe4b7c6 156,245,271,1418
---
{
  "schema_version": "authorship/3.0.0",
  "git_ai_version": "1.2.8",
  "base_commit_sha": "8bddea41c8aed97315d4b057e1cb6734bcffebe9",
  "prompts": {}
}